DATE,PRCP,SNOW,TMAX,TMIN
2017-01-01,0.01,0,40,27
2017-01-02,0.02,0,43,30
2017-01-03,0.03,0,38,36
2017-01-04,0.43,0,44,38
2017-01-05,0,0,43,20
2017-01-06,0.03,0.3,25,15
2017-01-07,0,0,19,11
2017-01-08,0,0,19,10
2017-01-09,0,0,16,9
2017-01-10,0,0,23,12
2017-01-11,0.22,1.1,38,17
2017-01-12,0.27,0,53,36
2017-01-13,0.49,0,61,34
2017-01-14,0,0,37,26
2017-01-15,0.04,0.5,28,24
2017-01-16,0,0,35,19
2017-01-17,0.04,0,34,19
2017-01-18,0.08,0,42,33
2017-01-19,0.02,0,43,38
2017-01-20,0,0,40,29
2017-01-21,0.15,0,39,31
2017-01-22,0.02,0,46,38
2017-01-23,0.03,0,46,40
2017-01-24,1.04,2.1,43,32
2017-01-25,0.02,0,38,33
2017-01-26,0.11,0,49,38
2017-01-27,0,0,44,31
2017-01-28,0,0,33,28
2017-01-29,0.02,0.4,32,27
2017-01-30,0,0,32,23
2017-01-31,0.04,0.6,29,20
2017-02-01,0.23,3.2,38,24
2017-02-02,0.02,0,37,32
2017-02-03,0,0,33,16
2017-02-04,0,0,25,16
2017-02-05,0,0,30,16
2017-02-06,0,0,41,27
2017-02-07,0.07,0,49,31
2017-02-08,0.22,0,54,35
2017-02-09,0.7,5.7,52,25
2017-02-10,0.04,0.5,26,16
2017-02-11,0,0,28,17
2017-02-12,0.2,0,56,27
2017-02-13,0.16,0,45,28
2017-02-14,0,0,30,21
2017-02-15,0,0,47,23
2017-02-16,0.01,0.1,41,26
2017-02-17,0,0,28,20
2017-02-18,0,0,44,21
2017-02-19,0,0,66,32
2017-02-20,0,0,63,40
2017-02-21,0,0,57,34
2017-02-22,0,0,50,37
2017-02-23,0,0,64,43
2017-02-24,0,0,71,44
2017-02-25,0,0,74,52
2017-02-26,0.36,0,60,26
2017-02-27,0,0,34,26
2017-02-28,0,0,48,29
2017-03-01,0.15,0,55,36
2017-03-02,0.2,0,61,31
2017-03-03,0,0,37,23
2017-03-04,0.06,0.9,31,17
2017-03-05,0,0,29,11
2017-03-06,0,0,38,11
2017-03-07,0.44,0,46,31
2017-03-08,0.15,0,52,39
2017-03-09,0,0,54,39
2017-03-10,0.3,3,55,30
2017-03-11,0.1,1.4,33,14
2017-03-12,0,0,23,14
2017-03-13,0,0,25,14
2017-03-14,0.51,6.3,33,15
2017-03-15,0.24,3.8,27,14
2017-03-16,0.03,0.3,25,15
2017-03-17,0,0,33,21
2017-03-18,0,0,44,24
2017-03-19,0.28,0.6,40,31
2017-03-20,0,0,38,29
2017-03-21,0.07,0,41,31
2017-03-22,0,0,55,28
2017-03-23,0,0,34,18
2017-03-24,0.02,0,44,20
2017-03-25,0,0,64,36
2017-03-26,0,0,71,42
2017-03-27,0.4,0,45,41
2017-03-28,0.1,0,67,44
2017-03-29,0.24,0,57,44
2017-03-30,0,0,56,37
2017-03-31,0.15,0,45,37
2017-04-01,0.88,0,44,37
2017-04-02,0,0,45,38
2017-04-03,0,0,59,38
2017-04-04,0.28,0,64,44
2017-04-05,0.11,0,65,47
2017-04-06,0.02,0,65,47
2017-04-07,0.78,0,49,35
2017-04-08,0.04,0,36,32
2017-04-09,0,0,55,32
2017-04-10,0,0,70,37
2017-04-11,0,0,78,53
2017-04-12,0.13,0,79,53
2017-04-13,0,0,66,42
2017-04-14,0,0,58,44
2017-04-15,0,0,67,45
2017-04-16,0.11,0,77,56
2017-04-17,0.22,0,78,57
2017-04-18,0,0,68,43
2017-04-19,0,0,69,48
2017-04-20,0.24,0,55,49
2017-04-21,0.22,0,77,55
2017-04-22,0.11,0,69,48
2017-04-23,0.09,0,55,36
2017-04-24,0,0,66,41
2017-04-25,0.02,0,61,45
2017-04-26,0.11,0,56,51
2017-04-27,0.01,0,72,53
2017-04-28,0.67,0,73,56
2017-04-29,0.26,0,75,54
2017-04-30,0.01,0,74,55
2017-05-01,0,0,76,57
2017-05-02,0.56,0,76,52
2017-05-03,0.03,0,60,43
2017-05-04,0,0,60,43
2017-05-05,1.15,0,58,47
2017-05-06,0.85,0,62,51
2017-05-07,0.08,0,51,41
2017-05-08,0,0,53,36
2017-05-09,0,0,55,35
2017-05-10,0,0,61,42
2017-05-11,0,0,64,47
2017-05-12,0.06,0,51,48
2017-05-13,0.28,0,54,46
2017-05-14,0.06,0,55,45
2017-05-15,0,0,66,45
2017-05-16,0,0,70,48
2017-05-17,0,0,78,53
2017-05-18,0,0,88,61
2017-05-19,0,0,88,71
2017-05-20,0.04,0,83,50
2017-05-21,0.05,0,56,49
2017-05-22,0.03,0,61,56
2017-05-23,0.02,0,72,48
2017-05-24,0,0,68,52
2017-05-25,0.76,0,70,53
2017-05-26,0.6,0,63,54
2017-05-27,0,0,64,52
2017-05-28,0,0,70,56
2017-05-29,1.24,0,65,59
2017-05-30,0,0,75,62
2017-05-31,0.5,0,70,59
2017-06-01,0,0,75,54
2017-06-02,0,0,71,54
2017-06-03,0,0,71,56
2017-06-04,0,0,75,52
2017-06-05,0.12,0,63,54
2017-06-06,0.21,0,72,57
2017-06-07,0.22,0,68,53
2017-06-08,0.12,0,61,53
2017-06-09,0,0,71,55
2017-06-10,0,0,76,59
2017-06-11,0,0,82,64
2017-06-12,0,0,86,66
2017-06-13,0,0,87,69
2017-06-14,0,0,90,68
2017-06-15,0,0,83,66
2017-06-16,1.15,0,79,65
2017-06-17,0.69,0,76,64
2017-06-18,0,0,81,66
2017-06-19,0.12,0,87,70
2017-06-20,0.57,0,73,60
2017-06-21,0,0,76,60
2017-06-22,0.06,0,78,59
2017-06-23,0.12,0,83,64
2017-06-24,0.42,0,78,67
2017-06-25,0,0,78,59
2017-06-26,0,0,75,53
2017-06-27,0.01,0,73,56
2017-06-28,0,0,68,50
2017-06-29,0,0,74,56
2017-06-30,0,0,83,65
2017-07-01,0.23,0,86,71
2017-07-02,0.8,0,81,66
2017-07-03,0,0,82,65
2017-07-04,0.03,0,82,67
2017-07-05,0,0,79,65
2017-07-06,0,0,78,67
2017-07-07,0.13,0,71,68
2017-07-08,0.33,0,81,65
2017-07-09,0.02,0,75,56
2017-07-10,0,0,77,59
2017-07-11,0.09,0,79,63
2017-07-12,0,0,83,68
2017-07-13,0.01,0,83,73
2017-07-14,0.54,0,82,69
2017-07-15,0.96,0,81,66
2017-07-16,0,0,75,61
2017-07-17,0,0,79,64
2017-07-18,0,0,86,65
2017-07-19,0,0,87,66
2017-07-20,0.09,0,88,70
2017-07-21,0,0,88,72
2017-07-22,0,0,87,71
2017-07-23,0.23,0,81,69
2017-07-24,0.2,0,85,66
2017-07-25,0,0,82,64
2017-07-26,0,0,70,57
2017-07-27,0,0,77,60
2017-07-28,0,0,83,67
2017-07-29,1.4,0,78,57
2017-07-30,0,0,72,51
2017-07-31,0,0,79,56
2017-08-01,0,0,83,63
2017-08-02,0,0,85,66
2017-08-03,0,0,85,64
2017-08-04,0,0,82,65
2017-08-05,0.42,0,85,59
2017-08-06,0,0,72,56
2017-08-07,0.19,0,72,58
2017-08-08,0.45,0,63,58
2017-08-09,0,0,74,54
2017-08-10,0,0,79,56
2017-08-11,0,0,77,58
2017-08-12,0.02,0,78,66
2017-08-13,0.39,0,77,60
2017-08-14,0,0,77,59
2017-08-15,0,0,71,60
2017-08-16,0,0,81,64
2017-08-17,0,0,82,61
2017-08-18,0.16,0,85,63
2017-08-19,0.24,0,81,65
2017-08-20,0.42,0,81,58
2017-08-21,0,0,79,61
2017-08-22,0,0,83,64
2017-08-23,0.23,0,87,64
2017-08-24,0,0,75,55
2017-08-25,0.04,0,72,58
2017-08-26,0,0,68,55
2017-08-27,0,0,71,54
2017-08-28,0,0,72,55
2017-08-29,0,0,71,56
2017-08-30,0,0,64,55
2017-08-31,0,0,75,58
2017-09-01,0.02,0,75,51
2017-09-02,0,0,62,47
2017-09-03,0.66,0,56,49
2017-09-04,0.07,0,65,55
2017-09-05,0,0,79,57
2017-09-06,0.85,0,71,58
2017-09-07,0.06,0,62,51
2017-09-08,0,0,65,50
2017-09-09,0.05,0,63,50
2017-09-10,0,0,63,44
2017-09-11,0,0,66,45
2017-09-12,0,0,69,45
2017-09-13,0.03,0,73,51
2017-09-14,0.03,0,73,60
2017-09-15,0.02,0,66,61
2017-09-16,0.02,0,78,61
2017-09-17,0,0,75,61
2017-09-18,0,0,82,62
2017-09-19,0,0,79,61
2017-09-20,0,0,76,55
2017-09-21,0,0,83,57
2017-09-22,0,0,82,59
2017-09-23,0,0,83,55
2017-09-24,0,0,86,57
2017-09-25,0,0,87,61
2017-09-26,0,0,88,64
2017-09-27,0,0,86,63
2017-09-28,0,0,87,59
2017-09-29,0,0,69,46
2017-09-30,0.06,0,67,47
2017-10-01,0,0,58,36
2017-10-02,0,0,65,38
2017-10-03,0,0,71,40
2017-10-04,0,0,72,46
2017-10-05,0,0,80,49
2017-10-06,0.16,0,74,63
2017-10-07,0,0,72,62
2017-10-08,0.26,0,81,64
2017-10-09,0.52,0,75,68
2017-10-10,0.22,0,75,64
2017-10-11,0,0,78,62
2017-10-12,1.25,0,63,59
2017-10-13,0,0,60,54
2017-10-14,0,0,59,54
2017-10-15,0,0,62,59
2017-10-16,0.07,0,78,48
2017-10-17,0,0,57,34
2017-10-18,0,0,60,36
2017-10-19,0,0,69,42
2017-10-20,0,0,70,44
2017-10-21,0,0,70,43
2017-10-22,0,0,69,44
2017-10-23,0,0,72,46
2017-10-24,0.39,0,67,54
2017-10-25,0,0,66,42
2017-10-26,0,0,48,42
2017-10-27,0,0,51,34
2017-10-28,0,0,61,36
2017-10-29,1.33,0,62,45
2017-10-30,2.12,0,47,38
2017-10-31,0,0,48,37
2017-11-01,0,0,45,31
2017-11-02,0.15,0,46,35
2017-11-03,0.02,0,60,46
2017-11-04,0.02,0,63,34
2017-11-05,0.03,0,53,35
2017-11-06,0.57,0,56,50
2017-11-07,0.02,0,59,34
2017-11-08,0.17,0,37,30
2017-11-09,0,0,44,29
2017-11-10,0,0,44,28
2017-11-11,0,0,30,15
2017-11-12,0,0,32,17
2017-11-13,0.01,0,43,26
2017-11-14,0,0,44,35
2017-11-15,0,0,41,28
2017-11-16,0.03,0,45,28
2017-11-17,0.01,0,47,34
2017-11-18,0,0,43,30
2017-11-19,1.07,0,48,35
2017-11-20,0.05,0.3,40,30
2017-11-21,0,0,43,29
2017-11-22,0,0,56,31
2017-11-23,0,0,42,30
2017-11-24,0,0,39,29
2017-11-25,0,0,51,28
2017-11-26,0.02,0,54,33
2017-11-27,0,0,39,32
2017-11-28,0,0,47,31
2017-11-29,0,0,55,32
2017-11-30,0,0,55,30
2017-12-01,0.03,0,48,31
2017-12-02,0,0,48,28
2017-12-03,0,0,44,28
2017-12-04,0,0,50,28
2017-12-05,0.02,0,48,29
2017-12-06,0.45,0,48,30
2017-12-07,0,0,41,29
2017-12-08,0,0,39,25
2017-12-09,0,0,28,23
2017-12-10,0,0,29,25
2017-12-11,0,0,31,28
2017-12-12,0,0,37,30
2017-12-13,0,0,37,13
2017-12-14,0.27,4.3,21,15
2017-12-15,0,0,25,12
2017-12-16,0.02,0.2,28,16
2017-12-17,0,0,37,25
2017-12-18,0,0,35,28
2017-12-19,0,0,45,32
2017-12-20,0,0,52,37
2017-12-21,0,0,40,27
2017-12-22,0,0,39,29
2017-12-23,0.08,0,41,36
2017-12-24,0.18,0,43,31
2017-12-25,0.06,0.5,37,24
2017-12-26,0,0,24,14
2017-12-27,0,0,21,11
2017-12-28,0,0,16,4
2017-12-29,0,0,15,4
2017-12-30,0.08,1.3,16,8
2017-12-31,0.03,0.3,19,5
2018-01-01,0,0,13,0
2018-01-02,0,0,13,0
2018-01-03,0,0,16,4
2018-01-04,0,0,26,4
2018-01-05,0,0,20,5
2018-01-06,0,0,9,1
2018-01-07,0,0,9,-1
2018-01-08,0,0,22,0
2018-01-09,0,0,38,22
2018-01-10,0,0,37,21
2018-01-11,0,0,40,22
2018-01-12,0.37,0,59,36
2018-01-13,1.67,2,61,19
2018-01-14,0,0,21,6
2018-01-15,0,0,18,5
2018-01-16,0.02,0.3,22,6
2018-01-17,0.17,2,26,9
2018-01-18,0,0,19,6
2018-01-19,0,0,28,14
2018-01-20,0,0,42,25
2018-01-21,0,0,47,38
2018-01-22,0.04,0,43,39
2018-01-23,0.13,0,50,39
2018-01-24,0.08,0,48,31
2018-01-25,0,0,31,20
2018-01-26,0,0,30,19
2018-01-27,0,0,42,19
2018-01-28,0.06,0,49,27
2018-01-29,0,0,46,27
2018-01-30,0.07,0.7,39,25
2018-01-31,0,0,25,13
2018-02-01,0,0,33,13
2018-02-02,0.01,0,46,17
2018-02-03,0,0,17,9
2018-02-04,0.03,0.4,31,10
2018-02-05,0.31,3,32,17
2018-02-06,0,0,24,16
2018-02-07,0.14,0.8,28,21
2018-02-08,0.62,2.4,33,15
2018-02-09,0,0.1,24,12
2018-02-10,0.03,0.4,35,15
2018-02-11,0.19,0,43,32
2018-02-12,0.17,0,45,31
2018-02-13,0,0,39,19
2018-02-14,0,0,37,20
2018-02-15,0.29,0,46,34
2018-02-16,1.17,0,64,40
2018-02-17,0.09,0,49,22
2018-02-18,0.22,2.6,33,22
2018-02-19,0,0,40,29
2018-02-20,0.33,0,41,35
2018-02-21,0,0,72,35
2018-02-22,0.06,0,73,36
2018-02-23,0.83,0,38,34
2018-02-24,0.27,0,41,36
2018-02-25,1.07,0,44,40
2018-02-26,0.03,0,53,38
2018-02-27,0,0,51,29
2018-02-28,0,0,55,30
2018-03-01,0,0,64,33
2018-03-02,0.81,0.6,51,29
2018-03-03,0,0,34,29
2018-03-04,0,0,35,27
2018-03-05,0,0,41,22
2018-03-06,0,0,40,22
2018-03-07,0.09,0.8,37,25
2018-03-08,0.05,0,38,26
2018-03-09,0.05,0.6,31,25
2018-03-10,0,0,32,24
2018-03-11,0,0,36,20
2018-03-12,0,0,41,23
2018-03-13,0.03,0.3,35,26
2018-03-14,0,0,34,24
2018-03-15,0,0,30,25
2018-03-16,0.02,0.1,36,23
2018-03-17,0,0,32,20
2018-03-18,0,0,43,21
2018-03-19,0,0,50,29
2018-03-20,0,0,46,26
2018-03-21,0.11,1.2,36,26
2018-03-22,0.28,3.3,34,26
2018-03-23,0,0,43,26
2018-03-24,0,0,40,26
2018-03-25,0,0,47,22
2018-03-26,0,0,43,23
2018-03-27,0,0,47,28
2018-03-28,0.15,0,37,35
2018-03-29,0.07,0,46,37
2018-03-30,0.25,0,58,44
2018-03-31,0.02,0,45,27
2018-04-01,0.05,0,57,29
2018-04-02,0.52,4.5,50,32
2018-04-03,0.06,0,44,32
2018-04-04,0.48,0,52,38
2018-04-05,0.03,0.1,53,26
2018-04-06,0,0,39,27
2018-04-07,0.02,0,55,27
2018-04-08,0,0,35,24
2018-04-09,0,0,37,26
2018-04-10,0.04,1,39,28
2018-04-11,0,0,43,28
2018-04-12,0.05,0,48,31
2018-04-13,0.03,0,73,40
2018-04-14,0,0,82,57
2018-04-15,0,0,84,43
2018-04-16,1.56,0,49,38
2018-04-17,0.21,0,43,32
2018-04-18,0.02,0,36,31
2018-04-19,0.1,0,51,33
2018-04-20,0.09,0,39,31
2018-04-21,0,0,52,31
2018-04-22,0,0,59,34
2018-04-23,0,0,64,38
2018-04-24,0,0,69,44
2018-04-25,0.19,0,58,49
2018-04-26,0.01,0,59,42
2018-04-27,0.01,0,63,42
2018-04-28,0.4,0,63,41
2018-04-29,0.01,0,62,36
2018-04-30,0,0,45,34
2018-05-01,0,0,66,38
2018-05-02,0,0,80,52
2018-05-03,0,0,84,64
2018-05-04,0.19,0,86,65
2018-05-05,0.11,0,80,51
2018-05-06,0.33,0,71,52
2018-05-07,0.34,0,54,44
2018-05-08,0,0,65,47
2018-05-09,0,0,75,53
2018-05-10,0.02,0,78,58
2018-05-11,0.04,0,77,57
2018-05-12,0.63,0,67,48
2018-05-13,0.21,0,77,51
2018-05-14,0.43,0,61,52
2018-05-15,0,0,76,56
2018-05-16,0.44,0,85,57
2018-05-17,0.12,0,61,57
2018-05-18,0,0,75,59
2018-05-19,0.44,0,71,49
2018-05-20,0.02,0,62,51
2018-05-21,0.01,0,75,54
2018-05-22,0,0,74,58
2018-05-23,0.58,0,72,63
2018-05-24,0,0,75,53
2018-05-25,0,0,81,57
2018-05-26,0,0,84,61
2018-05-27,0.06,0,86,65
2018-05-28,0.19,0,76,65
2018-05-29,0,0,81,67
2018-05-30,0,0,87,68
2018-05-31,0.01,0,82,68
2018-06-01,0,0,73,68
2018-06-02,0,0,80,69
2018-06-03,0.26,0,77,61
2018-06-04,0.34,0,63,54
2018-06-05,0,0,69,53
2018-06-06,0.05,0,70,49
2018-06-07,0,0,61,48
2018-06-08,0,0,72,53
2018-06-09,0,0,77,60
2018-06-10,0.16,0,76,57
2018-06-11,2.37,0,59,56
2018-06-12,0,0,68,50
2018-06-13,0.29,0,74,56
2018-06-14,0,0,77,56
2018-06-15,0,0,79,55
2018-06-16,0,0,76,54
2018-06-17,0,0,80,59
2018-06-18,0,0,85,67
2018-06-19,0.64,0,90,71
2018-06-20,0.03,0,80,62
2018-06-21,0.25,0,75,63
2018-06-22,0.03,0,78,59
2018-06-23,0.14,0,69,60
2018-06-24,0.56,0,73,62
2018-06-25,0.02,0,79,59
2018-06-26,0,0,75,52
2018-06-27,0.09,0,77,56
2018-06-28,0.15,0,71,64
2018-06-29,0.02,0,80,64
2018-06-30,0,0,86,65
2018-07-01,0,0,89,69
2018-07-02,0,0,91,72
2018-07-03,0.07,0,91,69
2018-07-04,0,0,88,70
2018-07-05,1.47,0,86,70
2018-07-06,0.09,0,84,71
2018-07-07,0.02,0,81,54
2018-07-08,0,0,74,53
2018-07-09,0,0,80,57
2018-07-10,0,0,84,61
2018-07-11,0.46,0,86,64
2018-07-12,0,0,79,55
2018-07-13,0,0,78,60
2018-07-14,0,0,82,64
2018-07-15,0.02,0,86,70
2018-07-16,0.32,0,85,68
2018-07-17,0.01,0,88,72
2018-07-18,0.88,0,81,58
2018-07-19,0,0,77,57
2018-07-20,0,0,79,60
2018-07-21,0,0,83,64
2018-07-22,2.06,0,72,58
2018-07-23,0.16,0,72,60
2018-07-24,1.33,0,76,69
2018-07-25,0.97,0,78,70
2018-07-26,0.52,0,76,64
2018-07-27,0.02,0,82,67
2018-07-28,0.11,0,76,64
2018-07-29,0,0,77,58
2018-07-30,0.07,0,78,61
2018-07-31,0.79,0,67,61
2018-08-01,0.14,0,72,66
2018-08-02,0.45,0,81,68
2018-08-03,2.5,0,77,68
2018-08-04,1.03,0,72,68
2018-08-05,0,0,84,66
2018-08-06,0,0,87,68
2018-08-07,0,0,88,69
2018-08-08,0.05,0,86,70
2018-08-09,0.18,0,83,68
2018-08-10,0,0,83,66
2018-08-11,0.02,0,82,68
2018-08-12,0,0,81,65
2018-08-13,0.09,0,80,66
2018-08-14,1.12,0,78,65
2018-08-15,0.29,0,70,64
2018-08-16,0,0,84,67
2018-08-17,0.29,0,84,68
2018-08-18,0.19,0,83,69
2018-08-19,0.02,0,80,65
2018-08-20,0.05,0,68,65
2018-08-21,0.12,0,71,64
2018-08-22,0.29,0,72,66
2018-08-23,0,0,76,55
2018-08-24,0,0,74,53
2018-08-25,0,0,78,56
2018-08-26,0,0,75,61
2018-08-27,0,0,78,65
2018-08-28,0,0,86,71
2018-08-29,0,0,89,71
2018-08-30,0,0,90,70
2018-08-31,0.54,0,84,64
2018-09-01,0.25,0,75,66
2018-09-02,0,0,75,68
2018-09-03,0,0,84,69
2018-09-04,0,0,89,67
2018-09-05,0,0,88,69
2018-09-06,0,0,90,72
2018-09-07,0.11,0,86,68
2018-09-08,0.15,0,75,61
2018-09-09,0.98,0,63,52
2018-09-10,2.36,0,54,52
2018-09-11,2.35,0,59,52
2018-09-12,0.03,0,69,59
2018-09-13,0.03,0,70,64
2018-09-14,0.01,0,79,68
2018-09-15,0,0,75,68
2018-09-16,0,0,78,63
2018-09-17,0,0,79,64
2018-09-18,0.94,0,72,65
2018-09-19,0,0,79,65
2018-09-20,0,0,80,59
2018-09-21,0,0,78,60
2018-09-22,0.02,0,77,61
2018-09-23,0,0,62,52
2018-09-24,0,0,63,52
2018-09-25,0.67,0,61,56
2018-09-26,0.42,0,69,58
2018-09-27,0.14,0,77,52
2018-09-28,0.53,0,60,53
2018-09-29,0,0,66,51
2018-09-30,0,0,63,45
2018-10-01,0,0,68,45
2018-10-02,0,0,78,54
2018-10-03,0.91,0,78,60
2018-10-04,0,0,75,58
2018-10-05,0.21,0,75,50
2018-10-06,0.02,0,63,51
2018-10-07,0.15,0,75,63
2018-10-08,0,0,83,66
2018-10-09,0,0,80,65
2018-10-10,0,0,80,70
2018-10-11,0.33,0,80,69
2018-10-12,0.13,0,70,49
2018-10-13,0.26,0,51,42
2018-10-14,0.02,0,51,40
2018-10-15,0.02,0,52,41
2018-10-16,0.07,0,65,38
2018-10-17,0,0,53,39
2018-10-18,0.01,0,53,38
2018-10-19,0,0,49,36
2018-10-20,0.03,0,55,37
2018-10-21,0.36,0,57,34
2018-10-22,0,0,43,34
2018-10-23,0,0,54,37
2018-10-24,0,0,57,41
2018-10-25,0,0,47,35
2018-10-26,0,0,46,34
2018-10-27,0.73,0,45,36
2018-10-28,0.72,0,42,39
2018-10-29,0.27,0,46,40
2018-10-30,0.03,0,47,39
2018-10-31,0,0,55,41
2018-11-01,0.12,0,63,43
2018-11-02,0.12,0,63,52
2018-11-03,0.09,0,60,42
2018-11-04,0,0,49,31
2018-11-05,0.33,0,53,31
2018-11-06,0.3,0,53,45
2018-11-07,0.15,0,64,45
2018-11-08,0,0,56,33
2018-11-09,0,0,48,33
2018-11-10,1.04,0.2,39,28
2018-11-11,0,0,33,28
2018-11-12,0,0,41,27
2018-11-13,0.52,0,43,26
2018-11-14,0,0,38,30
2018-11-15,0,0,32,28
2018-11-16,1.52,11.5,32,26
2018-11-17,0,0,35,32
2018-11-18,0,0,38,33
2018-11-19,0.01,0,40,34
2018-11-20,0.24,0,36,34
2018-11-21,0,0,38,32
2018-11-22,0,0,34,16
2018-11-23,0,0,23,16
2018-11-24,0,0,31,17
2018-11-25,0.51,0,37,28
2018-11-26,0,0,47,34
2018-11-27,0.46,0,47,32
2018-11-28,0,0,32,27
2018-11-29,0,0,28,26
2018-11-30,0,0,31,26
2018-12-01,0,0,36,31
2018-12-02,0.59,0,41,32
2018-12-03,0.01,0,47,41
2018-12-04,0.01,0,45,32
2018-12-05,0,0,35,20
2018-12-06,0,0,36,21
2018-12-07,0,0,35,26
2018-12-08,0,0,29,25
2018-12-09,0,0,27,19
2018-12-10,0,0,28,16
2018-12-11,0,0,31,17
2018-12-12,0,0,36,18
2018-12-13,0,0,35,31
2018-12-14,0.02,0.2,38,29
2018-12-15,0.33,0,42,37
2018-12-16,1.33,0,42,37
2018-12-17,0.08,0,41,36
2018-12-18,0,0,39,32
2018-12-19,0,0,39,23
2018-12-20,0,0,41,22
2018-12-21,0.68,0,52,25
2018-12-22,0.91,0,57,34
2018-12-23,0,0,35,33
2018-12-24,0.01,0,39,32
2018-12-25,0,0,35,30
2018-12-26,0,0,34,25
2018-12-27,0,0,40,27
2018-12-28,0.49,0,44,28
2018-12-29,0.03,0,54,38
2018-12-30,0,0,38,32
2018-12-31,0,0,39,27
2019-01-01,0.88,0,58,28
2019-01-02,0,0,54,35
2019-01-03,0.02,0,40,35
2019-01-04,0,0,35,30
2019-01-05,0.66,0,39,32
2019-01-06,0.09,0,51,36
2019-01-07,0,0,42,26
2019-01-08,0.08,0,33,26
2019-01-09,0.31,0,45,32
2019-01-10,0,0,35,24
2019-01-11,0,0,28,20
2019-01-12,0,0,30,17
2019-01-13,0.14,1,30,17
2019-01-14,0.01,0.1,27,15
2019-01-15,0,0,35,15
2019-01-16,0,0,30,25
2019-01-17,0,0,31,19
2019-01-18,0.04,0.6,28,21
2019-01-19,0,0,33,27
2019-01-20,1.05,7,33,28
2019-01-21,0,0,33,-1
2019-01-22,0,0,10,-1
2019-01-23,0,0,27,2
2019-01-24,1,0,44,27
2019-01-25,0.22,0,42,25
2019-01-26,0,0,27,13
2019-01-27,0,0,28,13
2019-01-28,0.06,0.8,34,8
2019-01-29,0.03,0.3,30,8
2019-01-30,0.06,1.6,28,8
2019-01-31,0.01,0.2,15,-5
2019-02-01,0,0,10,-4
2019-02-02,0.06,0.6,14,5
2019-02-03,0,0,40,7
2019-02-04,0,0,53,29
2019-02-05,0,0,58,29
2019-02-06,0,0,57,33
2019-02-07,0.48,0,40,35
2019-02-08,0.6,0,52,37
2019-02-09,0,0,47,16
2019-02-10,0,0,24,12
2019-02-11,0.06,0.5,30,13
2019-02-12,0.5,4,29,27
2019-02-13,0.59,1,34,28
2019-02-14,0.01,0.4,31,25
2019-02-15,0,0,43,27
2019-02-16,0,0,50,27
2019-02-17,0,0,34,19
2019-02-18,0.07,0.2,34,19
2019-02-19,0,0,34,16
2019-02-20,0,0,29,16
2019-02-21,1.13,5,33,24
2019-02-22,0,0,46,32
2019-02-23,0,0,41,29
2019-02-24,0.23,0,35,28
2019-02-25,0.18,0,46,26
2019-02-26,0,0,30,22
2019-02-27,0,0,28,22
2019-02-28,0,0,38,21
2019-03-01,0.13,1.9,33,22
2019-03-02,0.02,0.2,29,24
2019-03-03,0,0,36,27
2019-03-04,0.36,2.8,31,23
2019-03-05,0,0,28,10
2019-03-06,0,0,24,10
2019-03-07,0,0,18,12
2019-03-08,0,0,30,14
2019-03-09,0,0,32,16
2019-03-10,0.56,0,46,28
2019-03-11,0,0,53,35
2019-03-12,0,0,48,28
2019-03-13,0,0,42,24
2019-03-14,0,0,52,27
2019-03-15,0.04,0,62,37
2019-03-16,0.02,0,66,34
2019-03-17,0,0,36,29
2019-03-18,0,0,40,27
2019-03-19,0,0,40,23
2019-03-20,0,0,46,24
2019-03-21,0,0,51,27
2019-03-22,1.1,0,40,36
2019-03-23,0,0,42,28
2019-03-24,0,0,44,28
2019-03-25,0.01,0,52,39
2019-03-26,0,0,44,27
2019-03-27,0,0,45,24
2019-03-28,0,0,51,27
2019-03-29,0.01,0,58,37
2019-03-30,0.03,0,58,48
2019-03-31,0.06,0,68,41
2019-04-01,0,0,41,24
2019-04-02,0,0,42,25
2019-04-03,0,0,47,28
2019-04-04,0,0,56,35
2019-04-05,0.07,0,58,34
2019-04-06,0.12,0,39,35
2019-04-07,0,0,63,38
2019-04-08,0.13,0,68,43
2019-04-09,0,0,70,50
2019-04-10,0,0,69,41
2019-04-11,0,0,58,38
2019-04-12,0,0,57,38
2019-04-13,0.47,0,62,50
2019-04-14,0.01,0,70,52
2019-04-15,1.18,0,67,45
2019-04-16,0.01,0,45,35
2019-04-17,0.12,0,57,40
2019-04-18,0,0,55,44
2019-04-19,0,0,70,51
2019-04-20,0.88,0,67,61
2019-04-21,0.01,0,73,50
2019-04-22,0,0,60,50
2019-04-23,0,0,69,48
2019-04-24,0.08,0,73,47
2019-04-25,0,0,64,47
2019-04-26,0.14,0,62,50
2019-04-27,0.15,0,60,42
2019-04-28,0.1,0,56,43
2019-04-29,0.07,0,48,32
2019-04-30,0.01,0,58,36
2019-05-01,0.03,0,65,51
2019-05-02,0,0,59,54
2019-05-03,0,0,78,58
2019-05-04,0.25,0,78,60
2019-05-05,0.31,0,73,53
2019-05-06,0.54,0,57,52
2019-05-07,0,0,72,50
2019-05-08,0,0,77,50
2019-05-09,0,0,68,52
2019-05-10,0.01,0,64,59
2019-05-11,0.03,0,73,46
2019-05-12,0.93,0,64,48
2019-05-13,0.53,0,50,44
2019-05-14,0.35,0,48,43
2019-05-15,0.01,0,52,43
2019-05-16,0.04,0,68,48
2019-05-17,0,0,72,53
2019-05-18,0.02,0,75,58
2019-05-19,0,0,76,60
2019-05-20,0.8,0,85,62
2019-05-21,0,0,75,48
2019-05-22,0,0,66,44
2019-05-23,0.01,0,68,50
2019-05-24,0.09,0,78,58
2019-05-25,0,0,74,57
2019-05-26,0.06,0,78,61
2019-05-27,0.43,0,79,60
2019-05-28,0.03,0,76,61
2019-05-29,0.82,0,82,64
2019-05-30,0.61,0,81,63
2019-05-31,0.32,0,73,59
2019-06-01,0,0,73,55
2019-06-02,0.11,0,80,57
2019-06-03,0.01,0,72,49
2019-06-04,0,0,63,42
2019-06-05,0,0,73,49
2019-06-06,0,0,77,65
2019-06-07,0,0,81,62
2019-06-08,0,0,75,58
2019-06-09,0,0,79,61
2019-06-10,0,0,78,57
2019-06-11,0.29,0,65,55
2019-06-12,0,0,72,49
2019-06-13,0.07,0,71,54
2019-06-14,0.96,0,66,52
2019-06-15,0,0,68,52
2019-06-16,0.05,0,70,58
2019-06-17,0.64,0,72,63
2019-06-18,0.67,0,71,64
2019-06-19,0.04,0,76,67
2019-06-20,0.25,0,77,69
2019-06-21,0.36,0,79,62
2019-06-22,0,0,74,55
2019-06-23,0,0,75,53
2019-06-24,0,0,79,58
2019-06-25,0.13,0,83,62
2019-06-26,0,0,80,62
2019-06-27,0,0,84,65
2019-06-28,0,0,87,66
2019-06-29,0,0,86,69
2019-06-30,0.03,0,83,67
2019-07-01,0,0,81,56
2019-07-02,0,0,80,61
2019-07-03,0.12,0,87,69
2019-07-04,0,0,81,69
2019-07-05,0,0,87,70
2019-07-06,0,0,86,69
2019-07-07,0.32,0,87,69
2019-07-08,0.5,0,80,63
2019-07-09,0.02,0,72,62
2019-07-10,0,0,81,65
2019-07-11,0,0,87,69
2019-07-12,0.03,0,78,67
2019-07-13,0,0,80,59
2019-07-14,0,0,85,64
2019-07-15,0,0,83,59
2019-07-16,0,0,82,63
2019-07-17,0.01,0,84,69
2019-07-18,0.81,0,87,72
2019-07-19,0,0,86,70
2019-07-20,0,0,89,72
2019-07-21,0,0,91,76
2019-07-22,0.36,0,91,70
2019-07-23,0.11,0,77,64
2019-07-24,0,0,75,58
2019-07-25,0,0,78,56
2019-07-26,0,0,79,60
2019-07-27,0,0,83,63
2019-07-28,0,0,86,66
2019-07-29,0,0,85,69
2019-07-30,0,0,88,68
2019-07-31,0.23,0,85,68
2019-08-01,0,0,82,63
2019-08-02,0,0,82,65
2019-08-03,0.03,0,80,62
2019-08-04,0,0,81,62
2019-08-05,0,0,85,63
2019-08-06,0.33,0,83,64
2019-08-07,0.46,0,84,66
2019-08-08,0.31,0,79,63
2019-08-09,0.06,0,81,64
2019-08-10,0,0,78,58
2019-08-11,0,0,77,54
2019-08-12,0,0,77,58
2019-08-13,0,0,84,62
2019-08-14,0.07,0,74,67
2019-08-15,0.03,0,81,64
2019-08-16,0.11,0,83,66
2019-08-17,0,0,82,64
2019-08-18,0,0,86,66
2019-08-19,0.6,0,89,66
2019-08-20,0,0,85,66
2019-08-21,0,0,85,68
2019-08-22,0,0,84,69
2019-08-23,0.15,0,84,63
2019-08-24,0,0,70,54
2019-08-25,0,0,70,51
2019-08-26,0,0,71,54
2019-08-27,0.02,0,73,57
2019-08-28,0.1,0,68,60
2019-08-29,0.37,0,76,56
2019-08-30,0,0,74,59
2019-08-31,0,0,80,62
2019-09-01,0,0,73,61
2019-09-02,0.95,0,72,61
2019-09-03,0,0,77,58
2019-09-04,0,0,79,61
2019-09-05,0,0,83,54
2019-09-06,0,0,68,53
2019-09-07,0,0,73,53
2019-09-08,0,0,70,56
2019-09-09,0,0,75,57
2019-09-10,0,0,72,57
2019-09-11,0,0,81,58
2019-09-12,0.51,0,89,67
2019-09-13,0.05,0,82,60
2019-09-14,0.04,0,62,60
2019-09-15,0.13,0,70,54
2019-09-16,0,0,77,55
2019-09-17,0,0,78,58
2019-09-18,0,0,74,50
2019-09-19,0,0,71,49
2019-09-20,0,0,72,47
2019-09-21,0,0,76,49
2019-09-22,0,0,83,54
2019-09-23,0,0,85,62
2019-09-24,0,0,78,58
2019-09-25,0,0,71,50
2019-09-26,0,0,77,51
2019-09-27,0.19,0,73,47
2019-09-28,0,0,76,48
2019-09-29,0,0,85,63
2019-09-30,0,0,73,60
2019-10-01,0.26,0,65,61
2019-10-02,0,0,85,65
2019-10-03,0.21,0,84,55
2019-10-04,0.14,0,64,54
2019-10-05,0,0,62,37
2019-10-06,0,0,60,39
2019-10-07,0.35,0,63,56
2019-10-08,0.36,0,58,50
2019-10-09,0,0,62,47